245966291379
245966692367
245966733520
245966114175
245966199855
245966696479
245966158550
245966534678
245966685491
245966066459
245966783773
245966156127
245966969598
245966441487
245966834888
245966657404
245966521010
245966237137
245966788829
245966553219
245966973452
245966635288
245966744664
245966926632
245966903602
245966205647
245966478481
245966916910
245966066726
245966208415
245966422036
245966295295
245966448690
245966633971
245966430110
245966066098
245966460214
245966429614
245966960933
245966271170
245966083380
245966647035
245966536966
245966652972
245966457093
245966039968
245966846944
245966155951
245966850095
245966034982
245966959864
245966637653
245966820443
245966158821
245966978414
245966349551
245966043137
245966652519
245966159073
245966819738
245966072146
245966475668
245966312329
245966999859
245966957369
245966908781
245966896903
245966382071
245966160333
245966977615
245966164252
245966304220
245966631998
245966570114
245966945526
245966035187
245966172507
245966338294
245966704556
245966696343
245966882823
245966490036
245966408892
245966321447
245966385163
245966293798
245966614151
245966781896
245966918430
245966893412
245966535552
245966647463
245966340507
245966944161
245966792009
245966576880
245966471156
245966771047
245966126837
245966609799
